$ANSIBLE_VAULT;1.1;AES256
38643864356631636636656562396632613832356364396239326165373632373931373762376435
3462306464343934616636366564316236393634623532620a663064643833353230613838643532
65383664663863343563633532383135393562376239363338393532333033623336366265343361
6433373933313734330a306434363036393762353337626465373832333065313639346335393865
31383965336535303533666166326333393036666266313561346364643230343566346461383934
61616462653964373937653432663633333032616337316531613439623738666433656338613234
63666136613864613762616366636565393266656666323564653135323761653038366439313230
63646137623234323161326661633936353463653434623163653734306137323364333265646465
36613331356539633238626338326531613965376532346164303864666230666331363437623864
39376136336266386563643531336465666539383733356438343731313564316330376262356633
31393537343334376666373664643266343363306538346362333166356165353135613835643933
65636234363466356163613033656635366263383137313364613261316263396131343261316137
39666466353233623938373336346463306537326666333433393838613732323565396665393162
34396265376231383562366165333165363633666362633335643861323239393533323966656265
33363265386231653066396336326161653133346365393935373264313739353230633233393336
35633965653565663839303864653234636338316137343965383839366261663666626638656330
62613831376637653563343363373636343932613434666537366636393264643038303335656635
66336265613038303762383966363764343832633633646337636366663332653537376536323839
31333264343861626666363536626564636331653461633834306539333362653961343832666230
37326564633262323764303161653837356266613930356161386338356261306365623330643963
39613166346430663866373730366432663036303131313464303431386561333336616436336464
62363262383432643731376132396539313261393931653332643163643864346637336231636339
633066326135333430346635666430383339
